$ANSIBLE_VAULT;1.1;AES256
31613162626332326530326232343335663265663563386333396236346238396665366439376636
6565636138313632613439653034343365316562333138660a313831393464343435306437383630
64336130616166346530613533323739626665363866616133653835363565653432666162393031
6166336564383133660a303234633965373461303032663630323835376363623036393834363633
37353330346633393338363733656663346631393231353361636339396465343264623736393734
33353065336563366465353265393864303031323231326134623066353663343430623163643165
62653764303531333461326534643533363930613736616663663232643337356633666563396531
39343535383739383130613839616662663433396339393933376433653033626436303134663230
33653236336239313238313663653561316162313730613637396232383262643139363666313039
63366637616234636135346465306636326536393963633933616530383130383237333732303661
39613566653935323764373438353362303235653331373732633061376534353961663532633531
39663762626634336366376630633937303836386132633638646634316130613038303034663834
37376363313363313832616662666335613632663531356338613162303231353861396137396236
65323138363436333763613539636635303638646339376563363262613739353539316137623938
38623362333962656235613432323936326332633935396261633437306232306335653462326131
61653461313261333931663832626534376238303163323961373134323532376136633363316664
30316331356162313865303937316132363238613532383162636433306336383563386631636333
66363032646462393437616239643234306134373566326566393533316564396333333933316466
32393861353565663535386433396261353337643165633134396362386638373837346631626565
66636162373537373637323333326561303864343933636332663066363262326333316339393938
66343332366664663231323130656233623436383761373830653464396133393834
