$ANSIBLE_VAULT;1.1;AES256
36633532353338316536663639666264366462343633626430346365663035363431386432353234
3664343564336532313936613530333930616263633431320a633935653435346439373935613066
31643937353434636230313536643230323735653738313839383837363133396665613731336532
3431663966636365640a306366646163363634643665383933393633316133626138323465316236
62396234653962313636333037656662323239353465663239613331353631613561376466663331
61653433386565366339323935646337306336326339653131396432363533323861356533326261
64373364376461613365373763306161313237386630396462386130363165653032386330393134
39643032643262346133306634363931663334613761316438636232326238636234633939343265
31326334613530653665633335613632343532666331653433623762363639616531666261326432
62656365383965316630373264363464663563306535656332306231363364343066616337316134
66646561626338313063363635666632646130343461633664343664663331303535366633336539
62336162396135646265666263643233646362306238376135633337623832613439346562336562
38633236626138336130643836376230613264633263663165633664336335316136633463613863
62393736643739353532353363626238316666613262386363316136626637363532663261303731
32613238623061653566396466346437653833623130643966373162323165313664626532616261
30393937303332333832356164366561343137623636656439653864316664313038303237653863
33363936353865363137373830303765313963653035376163613534633466333665613535383662
64366264353162313163383962376462383134613261386436626261666337656139643738393537
34633264306139373839373736643834356336346464633436323665633635636564633132653962
61336563643236363437313061333865626439303832333532333664623039623836373330363434
33656637373362326663333838376538353863356133363438313938366538333538333166363139
63323464306632666430613337636530353031373762333639633261346331333263316633373762
37313262653031646630333536336564313266613335653461323361353137396138363637373536
31353235313064623831343132643535343765613437373263636233613435353565646332303536
34326662306234393239373531333430363239356665616230373838346534303530
